Paso 0
100.5 100.3
199.6 199.8
300 150.5
Paso 1
101 100.6
199.2 199.6
300 151
Paso 2
101.5 100.9
198.8 199.4
300 151.5
Paso 3
102 101.2
198.4 199.2
300 152
Paso 4
102.5 101.5
198 199
300 152.5
Paso 5
103 101.8
197.6 198.8
300 153
Paso 6
103.5 102.1
197.2 198.6
300 153.5
Paso 7
104 102.4
196.8 198.4
300 154
Paso 8
104.5 102.7
196.4 198.2
300 154.5
Paso 9
105 103
196 198
300 155
Paso 10
105.5 103.3
195.6 197.8
300 155.5
Paso 11
106 103.6
195.2 197.6
300 156
Paso 12
106.5 103.9
194.8 197.4
300 156.5
Paso 13
107 104.2
194.4 197.2
300 157
Paso 14
107.5 104.5
194 197
300 157.5
Paso 15
108 104.8
193.6 196.8
300 158
Paso 16
108.5 105.1
193.2 196.6
300 158.5
Paso 17
109 105.4
192.8 196.4
300 159
Paso 18
109.5 105.7
192.4 196.2
300 159.5
Paso 19
110 106
192 196
300 160
Paso 20
110.5 106.3
191.6 195.8
300 160.5
Paso 21
111 106.6
191.2 195.6
300 161
Paso 22
111.5 106.9
190.8 195.4
300 161.5
Paso 23
112 107.2
190.4 195.2
300 162
Paso 24
112.5 107.5
190 195
300 162.5
Paso 25
113 107.8
189.6 194.8
300 163
Paso 26
113.5 108.1
189.2 194.6
300 163.5
Paso 27
114 108.4
188.8 194.4
300 164
Paso 28
114.5 108.7
188.4 194.2
300 164.5
Paso 29
115 109
188 194
300 165
Paso 30
115.5 109.3
187.6 193.8
300 165.5
Paso 31
116 109.6
187.2 193.6
300 166
Paso 32
116.5 109.9
186.8 193.4
300 166.5
Paso 33
117 110.2
186.4 193.2
300 167
Paso 34
117.5 110.5
186 193
300 167.5
Paso 35
118 110.8
185.6 192.8
300 168
Paso 36
118.5 111.1
185.2 192.6
300 168.5
Paso 37
119 111.4
184.8 192.4
300 169
Paso 38
119.5 111.7
184.4 192.2
300 169.5
Paso 39
120 112
184 192
300 170
Paso 40
120.5 112.3
183.6 191.8
300 170.5
Paso 41
121 112.6
183.2 191.6
300 171
Paso 42
121.5 112.9
182.8 191.4
300 171.5
Paso 43
122 113.2
182.4 191.2
300 172
Paso 44
122.5 113.5
182 191
300 172.5
Paso 45
123 113.8
181.6 190.8
300 173
Paso 46
123.5 114.1
181.2 190.6
300 173.5
Paso 47
124 114.4
180.8 190.4
300 174
Paso 48
124.5 114.7
180.4 190.2
300 174.5
Paso 49
125 115
180 190
300 175
Paso 50
125.5 115.3
179.6 189.8
300 175.5
Paso 51
126 115.6
179.2 189.6
300 176
Paso 52
126.5 115.9
178.8 189.4
300 176.5
Paso 53
127 116.2
178.4 189.2
300 177
Paso 54
127.5 116.5
178 189
300 177.5
Paso 55
128 116.8
177.6 188.8
300 178
Paso 56
128.5 117.1
177.2 188.6
300 178.5
Paso 57
129 117.4
176.8 188.4
300 179
Paso 58
129.5 117.7
176.4 188.2
300 179.5
Paso 59
130 118
176 188
300 180
Paso 60
130.5 118.3
175.6 187.8
300 180.5
Paso 61
131 118.6
175.2 187.6
300 181
Paso 62
131.5 118.9
174.8 187.4
300 181.5
Paso 63
132 119.2
174.4 187.2
300 182
Paso 64
132.5 119.5
174 187
300 182.5
Paso 65
133 119.8
173.6 186.8
300 183
Paso 66
133.5 120.1
173.2 186.6
300 183.5
Paso 67
134 120.4
172.8 186.4
300 184
Paso 68
134.5 120.7
172.4 186.2
300 184.5
Paso 69
135 121
172 186
300 185
Paso 70
135.5 121.3
171.6 185.8
300 185.5
Paso 71
136 121.6
171.2 185.6
300 186
Paso 72
136.5 121.9
170.8 185.4
300 186.5
Paso 73
137 122.2
170.4 185.2
300 187
Paso 74
137.5 122.5
170 185
300 187.5
Paso 75
138 122.8
169.6 184.8
300 188
Paso 76
138.5 123.1
169.2 184.6
300 188.5
Paso 77
139 123.4
168.8 184.4
300 189
Paso 78
139.5 123.7
168.4 184.2
300 189.5
Paso 79
140 124
168 184
300 190
Paso 80
140.5 124.3
167.6 183.8
300 190.5
Paso 81
141 124.6
167.2 183.6
300 191
Paso 82
141.5 124.9
166.8 183.4
300 191.5
Paso 83
142 125.2
166.4 183.2
300 192
Paso 84
142.5 125.5
166 183
300 192.5
Paso 85
143 125.8
165.6 182.8
300 193
Paso 86
143.5 126.1
165.2 182.6
300 193.5
Paso 87
144 126.4
164.8 182.4
300 194
Paso 88
144.5 126.7
164.4 182.2
300 194.5
Paso 89
145 127
164 182
300 195
Paso 90
145.5 127.3
163.6 181.8
300 195.5
Paso 91
146 127.6
163.2 181.6
300 196
Paso 92
146.5 127.9
162.8 181.4
300 196.5
Paso 93
147 128.2
162.4 181.2
300 197
Paso 94
147.5 128.5
162 181
300 197.5
Paso 95
148 128.8
161.6 180.8
300 198
Paso 96
148.5 129.1
161.2 180.6
300 198.5
Paso 97
149 129.4
160.8 180.4
300 199
Paso 98
149.5 129.7
160.4 180.2
300 199.5
Paso 99
150 130
160 180
300 200
Paso 100
150.5 130.3
159.6 179.8
300 200.5
Paso 101
151 130.6
159.2 179.6
300 201
Paso 102
151.5 130.9
158.8 179.4
300 201.5
Paso 103
152 131.2
158.4 179.2
300 202
Paso 104
152.5 131.5
158 179
300 202.5
Paso 105
153 131.8
157.6 178.8
300 203
Paso 106
153.5 132.1
157.2 178.6
300 203.5
Paso 107
154 132.4
156.8 178.4
300 204
Paso 108
154.5 132.7
156.4 178.2
300 204.5
Paso 109
155 133
156 178
300 205
Paso 110
155.5 133.3
155.6 177.8
300 205.5
Paso 111
156 133.6
155.2 177.6
300 206
Paso 112
156.5 133.9
154.8 177.4
300 206.5
Paso 113
157 134.2
154.4 177.2
300 207
Paso 114
157.5 134.5
154 177
300 207.5
Paso 115
158 134.8
153.6 176.8
300 208
Paso 116
158.5 135.1
153.2 176.6
300 208.5
Paso 117
159 135.4
152.8 176.4
300 209
Paso 118
159.5 135.7
152.4 176.2
300 209.5
Paso 119
160 136
152 176
300 210
Paso 120
160.5 136.3
151.6 175.8
300 210.5
Paso 121
161 136.6
151.2 175.6
300 211
Paso 122
161.5 136.9
150.8 175.4
300 211.5
Paso 123
162 137.2
150.4 175.2
300 212
Paso 124
162.5 137.5
150 175
300 212.5
Paso 125
163 137.8
149.6 174.8
300 213
Paso 126
163.5 138.1
149.2 174.6
300 213.5
Paso 127
164 138.4
148.8 174.4
300 214
Paso 128
164.5 138.7
148.4 174.2
300 214.5
Paso 129
165 139
148 174
300 215
Paso 130
165.5 139.3
147.6 173.8
300 215.5
Paso 131
166 139.6
147.2 173.6
300 216
Paso 132
166.5 139.9
146.8 173.4
300 216.5
Paso 133
167 140.2
146.4 173.2
300 217
Paso 134
167.5 140.5
146 173
300 217.5
Paso 135
168 140.8
145.6 172.8
300 218
Paso 136
168.5 141.1
145.2 172.6
300 218.5
Paso 137
169 141.4
144.8 172.4
300 219
Paso 138
169.5 141.7
144.4 172.2
300 219.5
Paso 139
170 142
144 172
300 220
Paso 140
170.5 142.3
143.6 171.8
300 220.5
Paso 141
171 142.6
143.2 171.6
300 221
Paso 142
171.5 142.9
142.8 171.4
300 221.5
Paso 143
172 143.2
142.4 171.2
300 222
Paso 144
172.5 143.5
142 171
300 222.5
Paso 145
173 143.8
141.6 170.8
300 223
Paso 146
173.5 144.1
141.2 170.6
300 223.5
Paso 147
174 144.4
140.8 170.4
300 224
Paso 148
174.5 144.7
140.4 170.2
300 224.5
Paso 149
175 145
140 170
300 225
Paso 150
175.5 145.3
139.6 169.8
300 225.5
Paso 151
176 145.6
139.2 169.6
300 226
Paso 152
176.5 145.9
138.8 169.4
300 226.5
Paso 153
177 146.2
138.4 169.2
300 227
Paso 154
177.5 146.5
138 169
300 227.5
Paso 155
178 146.8
137.6 168.8
300 228
Paso 156
178.5 147.1
137.2 168.6
300 228.5
Paso 157
179 147.4
136.8 168.4
300 229
Paso 158
179.5 147.7
136.4 168.2
300 229.5
Paso 159
180 148
136 168
300 230
Paso 160
180.5 148.3
135.6 167.8
300 230.5
Paso 161
181 148.6
135.2 167.6
300 231
Paso 162
181.5 148.9
134.8 167.4
300 231.5
Paso 163
182 149.2
134.4 167.2
300 232
Paso 164
182.5 149.5
134 167
300 232.5
Paso 165
183 149.8
133.6 166.8
300 233
Paso 166
183.5 150.1
133.2 166.6
300 233.5
Paso 167
184 150.4
132.8 166.4
300 234
Paso 168
184.5 150.7
132.4 166.2
300 234.5
Paso 169
185 151
132 166
300 235
Paso 170
185.5 151.3
131.6 165.8
300 235.5
Paso 171
186 151.6
131.2 165.6
300 236
Paso 172
186.5 151.9
130.8 165.4
300 236.5
Paso 173
187 152.2
130.4 165.2
300 237
Paso 174
187.5 152.5
130 165
300 237.5
Paso 175
188 152.8
129.6 164.8
300 238
Paso 176
188.5 153.1
129.2 164.6
300 238.5
Paso 177
189 153.4
128.8 164.4
300 239
Paso 178
189.5 153.7
128.4 164.2
300 239.5
Paso 179
190 154
128 164
300 240
Paso 180
190.5 154.3
127.6 163.8
300 240.5
Paso 181
191 154.6
127.2 163.6
300 241
Paso 182
191.5 154.9
126.8 163.4
300 241.5
Paso 183
192 155.2
126.4 163.2
300 242
Paso 184
192.5 155.5
126 163
300 242.5
Paso 185
193 155.8
125.6 162.8
300 243
Paso 186
193.5 156.1
125.2 162.6
300 243.5
Paso 187
194 156.4
124.8 162.4
300 244
Paso 188
194.5 156.7
124.4 162.2
300 244.5
Paso 189
195 157
124 162
300 245
Paso 190
195.5 157.3
123.6 161.8
300 245.5
Paso 191
196 157.6
123.2 161.6
300 246
Paso 192
196.5 157.9
122.8 161.4
300 246.5
Paso 193
197 158.2
122.4 161.2
300 247
Paso 194
197.5 158.5
122 161
300 247.5
Paso 195
198 158.8
121.6 160.8
300 248
Paso 196
198.5 159.1
121.2 160.6
300 248.5
Paso 197
199 159.4
120.8 160.4
300 249
Paso 198
199.5 159.7
120.4 160.2
300 249.5
Paso 199
200 160
120 160
300 250
Paso 200
200.5 160.3
119.6 159.8
300 250.5
Paso 201
201 160.6
119.2 159.6
300 251
Paso 202
201.5 160.9
118.8 159.4
300 251.5
Paso 203
202 161.2
118.4 159.2
300 252
Paso 204
202.5 161.5
118 159
300 252.5
Paso 205
203 161.8
117.6 158.8
300 253
Paso 206
203.5 162.1
117.2 158.6
300 253.5
Paso 207
204 162.4
116.8 158.4
300 254
Paso 208
204.5 162.7
116.4 158.2
300 254.5
Paso 209
205 163
116 158
300 255
Paso 210
205.5 163.3
115.6 157.8
300 255.5
Paso 211
206 163.6
115.2 157.6
300 256
Paso 212
206.5 163.9
114.8 157.4
300 256.5
Paso 213
207 164.2
114.4 157.2
300 257
Paso 214
207.5 164.5
114 157
300 257.5
Paso 215
208 164.8
113.6 156.8
300 258
Paso 216
208.5 165.1
113.2 156.6
300 258.5
Paso 217
209 165.4
112.8 156.4
300 259
Paso 218
209.5 165.7
112.4 156.2
300 259.5
Paso 219
210 166
112 156
300 260
Paso 220
210.5 166.3
111.6 155.8
300 260.5
Paso 221
211 166.6
111.2 155.6
300 261
Paso 222
211.5 166.9
110.8 155.4
300 261.5
Paso 223
212 167.2
110.4 155.2
300 262
Paso 224
212.5 167.5
110 155
300 262.5
Paso 225
213 167.8
109.6 154.8
300 263
Paso 226
213.5 168.1
109.2 154.6
300 263.5
Paso 227
214 168.4
108.8 154.4
300 264
Paso 228
214.5 168.7
108.4 154.2
300 264.5
Paso 229
215 169
108 154
300 265
Paso 230
215.5 169.3
107.6 153.8
300 265.5
Paso 231
216 169.6
107.2 153.6
300 266
Paso 232
216.5 169.9
106.8 153.4
300 266.5
Paso 233
217 170.2
106.4 153.2
300 267
Paso 234
217.5 170.5
106 153
300 267.5
Paso 235
218 170.8
105.6 152.8
300 268
Paso 236
218.5 171.1
105.2 152.6
300 268.5
Paso 237
219 171.4
104.8 152.4
300 269
Paso 238
219.5 171.7
104.4 152.2
300 269.5
Paso 239
220 172
104 152
300 270
Paso 240
220.5 172.3
103.6 151.8
300 270.5
Paso 241
221 172.6
103.2 151.6
300 271
Paso 242
221.5 172.9
102.8 151.4
300 271.5
Paso 243
222 173.2
102.4 151.2
300 272
Paso 244
222.5 173.5
102 151
300 272.5
Paso 245
223 173.8
101.6 150.8
300 273
Paso 246
223.5 174.1
101.2 150.6
300 273.5
Paso 247
224 174.4
100.8 150.4
300 274
Paso 248
224.5 174.7
100.4 150.2
300 274.5
Paso 249
225 175
100 150
300 275
Paso 250
225.5 175.3
99.6 149.8
300 275.5
Paso 251
226 175.6
99.2 149.6
300 276
Paso 252
226.5 175.9
98.8 149.4
300 276.5
Paso 253
227 176.2
98.4 149.2
300 277
Paso 254
227.5 176.5
98 149
300 277.5
Paso 255
228 176.8
97.6 148.8
300 278
Paso 256
228.5 177.1
97.2 148.6
300 278.5
Paso 257
229 177.4
96.8 148.4
300 279
Paso 258
229.5 177.7
96.4 148.2
300 279.5
Paso 259
230 178
96 148
300 280
Paso 260
230.5 178.3
95.6 147.8
300 280.5
Paso 261
231 178.6
95.2 147.6
300 281
Paso 262
231.5 178.9
94.8 147.4
300 281.5
Paso 263
232 179.2
94.4 147.2
300 282
Paso 264
232.5 179.5
94 147
300 282.5
Paso 265
233 179.8
93.6 146.8
300 283
Paso 266
233.5 180.1
93.2 146.6
300 283.5
Paso 267
234 180.4
92.8 146.4
300 284
Paso 268
234.5 180.7
92.4 146.2
300 284.5
Paso 269
235 181
92 146
300 285
Paso 270
235.5 181.3
91.6 145.8
300 285.5
Paso 271
236 181.6
91.2 145.6
300 286
Paso 272
236.5 181.9
90.8 145.4
300 286.5
Paso 273
237 182.2
90.4 145.2
300 287
Paso 274
237.5 182.5
90 145
300 287.5
Paso 275
238 182.8
89.6 144.8
300 288
Paso 276
238.5 183.1
89.2 144.6
300 288.5
Paso 277
239 183.4
88.8 144.4
300 289
Paso 278
239.5 183.7
88.4 144.2
300 289.5
Paso 279
240 184
88 144
300 290
Paso 280
240.5 184.3
87.6 143.8
300 290.5
Paso 281
241 184.6
87.2 143.6
300 291
Paso 282
241.5 184.9
86.8 143.4
300 291.5
Paso 283
242 185.2
86.4 143.2
300 292
Paso 284
242.5 185.5
86 143
300 292.5
Paso 285
243 185.8
85.6 142.8
300 293
Paso 286
243.5 186.1
85.2 142.6
300 293.5
Paso 287
244 186.4
84.8 142.4
300 294
Paso 288
244.5 186.7
84.4 142.2
300 294.5
Paso 289
245 187
84 142
300 295
Paso 290
245.5 187.3
83.6 141.8
300 295.5
Paso 291
246 187.6
83.2 141.6
300 296
Paso 292
246.5 187.9
82.8 141.4
300 296.5
Paso 293
247 188.2
82.4 141.2
300 297
Paso 294
247.5 188.5
82 141
300 297.5
Paso 295
248 188.8
81.6 140.8
300 298
Paso 296
248.5 189.1
81.2 140.6
300 298.5
Paso 297
249 189.4
80.8 140.4
300 299
Paso 298
249.5 189.7
80.4 140.2
300 299.5
Paso 299
250 190
80 140
300 300
Paso 300
250.5 190.3
79.6 139.8
300 300.5
Paso 301
251 190.6
79.2 139.6
300 301
Paso 302
251.5 190.9
78.8 139.4
300 301.5
Paso 303
252 191.2
78.4 139.2
300 302
Paso 304
252.5 191.5
78 139
300 302.5
Paso 305
253 191.8
77.6 138.8
300 303
Paso 306
253.5 192.1
77.2 138.6
300 303.5
Paso 307
254 192.4
76.8 138.4
300 304
Paso 308
254.5 192.7
76.4 138.2
300 304.5
Paso 309
255 193
76 138
300 305
Paso 310
255.5 193.3
75.6 137.8
300 305.5
Paso 311
256 193.6
75.2 137.6
300 306
Paso 312
256.5 193.9
74.8 137.4
300 306.5
Paso 313
257 194.2
74.4 137.2
300 307
Paso 314
257.5 194.5
74 137
300 307.5
Paso 315
258 194.8
73.6 136.8
300 308
Paso 316
258.5 195.1
73.2 136.6
300 308.5
Paso 317
259 195.4
72.8 136.4
300 309
Paso 318
259.5 195.7
72.4 136.2
300 309.5
Paso 319
260 196
72 136
300 310
Paso 320
260.5 196.3
71.6 135.8
300 310.5
Paso 321
261 196.6
71.2 135.6
300 311
Paso 322
261.5 196.9
70.8 135.4
300 311.5
Paso 323
262 197.2
70.4 135.2
300 312
Paso 324
262.5 197.5
70 135
300 312.5
Paso 325
263 197.8
69.6 134.8
300 313
Paso 326
263.5 198.1
69.2 134.6
300 313.5
Paso 327
264 198.4
68.8 134.4
300 314
Paso 328
264.5 198.7
68.4 134.2
300 314.5
Paso 329
265 199
68 134
300 315
Paso 330
265.5 199.3
67.6 133.8
300 315.5
Paso 331
266 199.6
67.2 133.6
300 316
Paso 332
266.5 199.9
66.8 133.4
300 316.5
Paso 333
267 200.2
66.4 133.2
300 317
Paso 334
267.5 200.5
66 133
300 317.5
Paso 335
268 200.8
65.6 132.8
300 318
Paso 336
268.5 201.1
65.2 132.6
300 318.5
Paso 337
269 201.4
64.8 132.4
300 319
Paso 338
269.5 201.7
64.4 132.2
300 319.5
Paso 339
270 202
64 132
300 320
Paso 340
270.5 202.3
63.6 131.8
300 320.5
Paso 341
271 202.6
63.2 131.6
300 321
Paso 342
271.5 202.9
62.8 131.4
300 321.5
Paso 343
272 203.2
62.4 131.2
300 322
Paso 344
272.5 203.5
62 131
300 322.5
Paso 345
273 203.8
61.6 130.8
300 323
Paso 346
273.5 204.1
61.2 130.6
300 323.5
Paso 347
274 204.4
60.8 130.4
300 324
Paso 348
274.5 204.7
60.4 130.2
300 324.5
Paso 349
275 205
60 130
300 325
Paso 350
275.5 205.3
59.6 129.8
300 325.5
Paso 351
276 205.6
59.2 129.6
300 326
Paso 352
276.5 205.9
58.8 129.4
300 326.5
Paso 353
277 206.2
58.4 129.2
300 327
Paso 354
277.5 206.5
58 129
300 327.5
Paso 355
278 206.8
57.6 128.8
300 328
Paso 356
278.5 207.1
57.2 128.6
300 328.5
Paso 357
279 207.4
56.8 128.4
300 329
Paso 358
279.5 207.7
56.4 128.2
300 329.5
Paso 359
280 208
56 128
300 330
Paso 360
280.5 208.3
55.6 127.8
300 330.5
Paso 361
281 208.6
55.2 127.6
300 331
Paso 362
281.5 208.9
54.8 127.4
300 331.5
Paso 363
282 209.2
54.4 127.2
300 332
Paso 364
282.5 209.5
54 127
300 332.5
Paso 365
283 209.8
53.6 126.8
300 333
Paso 366
283.5 210.1
53.2 126.6
300 333.5
Paso 367
284 210.4
52.8 126.4
300 334
Paso 368
284.5 210.7
52.4 126.2
300 334.5
Paso 369
285 211
52 126
300 335
Paso 370
285.5 211.3
51.6 125.8
300 335.5
Paso 371
286 211.6
51.2 125.6
300 336
Paso 372
286.5 211.9
50.8 125.4
300 336.5
Paso 373
287 212.2
50.4 125.2
300 337
Paso 374
287.5 212.5
50 125
300 337.5
Paso 375
288 212.8
49.6 124.8
300 338
Paso 376
288.5 213.1
49.2 124.6
300 338.5
Paso 377
289 213.4
48.8 124.4
300 339
Paso 378
289.5 213.7
48.4 124.2
300 339.5
Paso 379
290 214
48 124
300 340
Paso 380
290.5 214.3
47.6 123.8
300 340.5
Paso 381
291 214.6
47.2 123.6
300 341
Paso 382
291.5 214.9
46.8 123.4
300 341.5
Paso 383
292 215.2
46.4 123.2
300 342
Paso 384
292.5 215.5
46 123
300 342.5
Paso 385
293 215.8
45.6 122.8
300 343
Paso 386
293.5 216.1
45.2 122.6
300 343.5
Paso 387
294 216.4
44.8 122.4
300 344
Paso 388
294.5 216.7
44.4 122.2
300 344.5
Paso 389
295 217
44 122
300 345
Paso 390
295.5 217.3
43.6 121.8
300 345.5
Paso 391
296 217.6
43.2 121.6
300 346
Paso 392
296.5 217.9
42.8 121.4
300 346.5
Paso 393
297 218.2
42.4 121.2
300 347
Paso 394
297.5 218.5
42 121
300 347.5
Paso 395
298 218.8
41.6 120.8
300 348
Paso 396
298.5 219.1
41.2 120.6
300 348.5
Paso 397
299 219.4
40.8 120.4
300 349
Paso 398
299.5 219.7
40.4 120.2
300 349.5
Paso 399
300 220
40 120
300 350
Paso 400
300.5 220.3
39.6 119.8
300 350.5
Paso 401
301 220.6
39.2 119.6
300 351
Paso 402
301.5 220.9
38.8 119.4
300 351.5
Paso 403
302 221.2
38.4 119.2
300 352
Paso 404
302.5 221.5
38 119
300 352.5
Paso 405
303 221.8
37.6 118.8
300 353
Paso 406
303.5 222.1
37.2 118.6
300 353.5
Paso 407
304 222.4
36.8 118.4
300 354
Paso 408
304.5 222.7
36.4 118.2
300 354.5
Paso 409
305 223
36 118
300 355
Paso 410
305.5 223.3
35.6 117.8
300 355.5
Paso 411
306 223.6
35.2 117.6
300 356
Paso 412
306.5 223.9
34.8 117.4
300 356.5
Paso 413
307 224.2
34.4 117.2
300 357
Paso 414
307.5 224.5
34 117
300 357.5
Paso 415
308 224.8
33.6 116.8
300 358
Paso 416
308.5 225.1
33.2 116.6
300 358.5
Paso 417
309 225.4
32.8 116.4
300 359
Paso 418
309.5 225.7
32.4 116.2
300 359.5
Paso 419
310 226
32 116
300 360
Paso 420
310.5 226.3
31.6 115.8
300 360.5
Paso 421
311 226.6
31.2 115.6
300 361
Paso 422
311.5 226.9
30.8 115.4
300 361.5
Paso 423
312 227.2
30.4 115.2
300 362
Paso 424
312.5 227.5
30 115
300 362.5
Paso 425
313 227.8
29.6 114.8
300 363
Paso 426
313.5 228.1
29.2 114.6
300 363.5
Paso 427
314 228.4
28.8 114.4
300 364
Paso 428
314.5 228.7
28.4 114.2
300 364.5
Paso 429
315 229
28 114
300 365
Paso 430
315.5 229.3
27.6 113.8
300 365.5
Paso 431
316 229.6
27.2 113.6
300 366
Paso 432
316.5 229.9
26.8 113.4
300 366.5
Paso 433
317 230.2
26.4 113.2
300 367
Paso 434
317.5 230.5
26 113
300 367.5
Paso 435
318 230.8
25.6 112.8
300 368
Paso 436
318.5 231.1
25.2 112.6
300 368.5
Paso 437
319 231.4
24.8 112.4
300 369
Paso 438
319.5 231.7
24.4 112.2
300 369.5
Paso 439
320 232
24 112
300 370
Paso 440
320.5 232.3
23.6 111.8
300 370.5
Paso 441
321 232.6
23.2 111.6
300 371
Paso 442
321.5 232.9
22.8 111.4
300 371.5
Paso 443
322 233.2
22.4 111.2
300 372
Paso 444
322.5 233.5
22 111
300 372.5
Paso 445
323 233.8
21.6 110.8
300 373
Paso 446
323.5 234.1
21.2 110.6
300 373.5
Paso 447
324 234.4
20.8 110.4
300 374
Paso 448
324.5 234.7
20.4 110.2
300 374.5
Paso 449
325 235
20 110
300 375
Paso 450
325.5 235.3
19.6 109.8
300 375.5
Paso 451
326 235.6
19.2 109.6
300 376
Paso 452
326.5 235.9
18.8 109.4
300 376.5
Paso 453
327 236.2
18.4 109.2
300 377
Paso 454
327.5 236.5
18 109
300 377.5
Paso 455
328 236.8
17.6 108.8
300 378
Paso 456
328.5 237.1
17.2 108.6
300 378.5
Paso 457
329 237.4
16.8 108.4
300 379
Paso 458
329.5 237.7
16.4 108.2
300 379.5
Paso 459
330 238
16 108
300 380
Paso 460
330.5 238.3
15.6 107.8
300 380.5
Paso 461
331 238.6
15.2 107.6
300 381
COLISION PARED 462 14.8 107.4
Paso 462
331.5 238.9
15 107.4
300 381.5
Paso 463
332 239.2
15.4 107.2
300 382
Paso 464
332.5 239.5
15.8 107
300 382.5
Paso 465
333 239.8
16.2 106.8
300 383
Paso 466
333.5 240.1
16.6 106.6
300 383.5
Paso 467
334 240.4
17 106.4
300 384
Paso 468
334.5 240.7
17.4 106.2
300 384.5
Paso 469
335 241
17.8 106
300 385
Paso 470
335.5 241.3
18.2 105.8
300 385.5
Paso 471
336 241.6
18.6 105.6
300 386
Paso 472
336.5 241.9
19 105.4
300 386.5
Paso 473
337 242.2
19.4 105.2
300 387
Paso 474
337.5 242.5
19.8 105
300 387.5
Paso 475
338 242.8
20.2 104.8
300 388
Paso 476
338.5 243.1
20.6 104.6
300 388.5
Paso 477
339 243.4
21 104.4
300 389
Paso 478
339.5 243.7
21.4 104.2
300 389.5
Paso 479
340 244
21.8 104
300 390
Paso 480
340.5 244.3
22.2 103.8
300 390.5
Paso 481
341 244.6
22.6 103.6
300 391
Paso 482
341.5 244.9
23 103.4
300 391.5
Paso 483
342 245.2
23.4 103.2
300 392
Paso 484
342.5 245.5
23.8 103
300 392.5
Paso 485
343 245.8
24.2 102.8
300 393
Paso 486
343.5 246.1
24.6 102.6
300 393.5
Paso 487
344 246.4
25 102.4
300 394
Paso 488
344.5 246.7
25.4 102.2
300 394.5
Paso 489
345 247
25.8 102
300 395
Paso 490
345.5 247.3
26.2 101.8
300 395.5
Paso 491
346 247.6
26.6 101.6
300 396
Paso 492
346.5 247.9
27 101.4
300 396.5
Paso 493
347 248.2
27.4 101.2
300 397
Paso 494
347.5 248.5
27.8 101
300 397.5
Paso 495
348 248.8
28.2 100.8
300 398
Paso 496
348.5 249.1
28.6 100.6
300 398.5
Paso 497
349 249.4
29 100.4
300 399
Paso 498
349.5 249.7
29.4 100.2
300 399.5
Paso 499
350 250
29.8 100
300 400
Paso 500
350.5 250.3
30.2 99.8
300 400.5
Paso 501
351 250.6
30.6 99.6
300 401
Paso 502
351.5 250.9
31 99.4
300 401.5
Paso 503
352 251.2
31.4 99.2
300 402
Paso 504
352.5 251.5
31.8 99
300 402.5
Paso 505
353 251.8
32.2 98.8
300 403
Paso 506
353.5 252.1
32.6 98.6
300 403.5
Paso 507
354 252.4
33 98.4
300 404
Paso 508
354.5 252.7
33.4 98.2
300 404.5
Paso 509
355 253
33.8 98
300 405
Paso 510
355.5 253.3
34.2 97.8
300 405.5
Paso 511
356 253.6
34.6 97.6
300 406
Paso 512
356.5 253.9
35 97.4
300 406.5
Paso 513
357 254.2
35.4 97.2
300 407
Paso 514
357.5 254.5
35.8 97
300 407.5
Paso 515
358 254.8
36.2 96.8
300 408
Paso 516
358.5 255.1
36.6 96.6
300 408.5
Paso 517
359 255.4
37 96.4
300 409
Paso 518
359.5 255.7
37.4 96.2
300 409.5
Paso 519
360 256
37.8 96
300 410
Paso 520
360.5 256.3
38.2 95.8
300 410.5
Paso 521
361 256.6
38.6 95.6
300 411
Paso 522
361.5 256.9
39 95.4
300 411.5
Paso 523
362 257.2
39.4 95.2
300 412
Paso 524
362.5 257.5
39.8 95
300 412.5
Paso 525
363 257.8
40.2 94.8
300 413
Paso 526
363.5 258.1
40.6 94.6
300 413.5
Paso 527
364 258.4
41 94.4
300 414
Paso 528
364.5 258.7
41.4 94.2
300 414.5
Paso 529
365 259
41.8 94
300 415
Paso 530
365.5 259.3
42.2 93.8
300 415.5
Paso 531
366 259.6
42.6 93.6
300 416
Paso 532
366.5 259.9
43 93.4
300 416.5
Paso 533
367 260.2
43.4 93.2
300 417
Paso 534
367.5 260.5
43.8 93
300 417.5
Paso 535
368 260.8
44.2 92.8
300 418
Paso 536
368.5 261.1
44.6 92.6
300 418.5
Paso 537
369 261.4
45 92.4
300 419
Paso 538
369.5 261.7
45.4 92.2
300 419.5
Paso 539
370 262
45.8 92
300 420
Paso 540
370.5 262.3
46.2 91.8
300 420.5
Paso 541
371 262.6
46.6 91.6
300 421
Paso 542
371.5 262.9
47 91.4
300 421.5
Paso 543
372 263.2
47.4 91.2
300 422
Paso 544
372.5 263.5
47.8 91
300 422.5
Paso 545
373 263.8
48.2 90.8
300 423
Paso 546
373.5 264.1
48.6 90.6
300 423.5
Paso 547
374 264.4
49 90.4
300 424
Paso 548
374.5 264.7
49.4 90.2
300 424.5
Paso 549
375 265
49.8 90
300 425
Paso 550
375.5 265.3
50.2 89.8
300 425.5
Paso 551
376 265.6
50.6 89.6
300 426
Paso 552
376.5 265.9
51 89.4
300 426.5
Paso 553
377 266.2
51.4 89.2
300 427
Paso 554
377.5 266.5
51.8 89
300 427.5
Paso 555
378 266.8
52.2 88.8
300 428
Paso 556
378.5 267.1
52.6 88.6
300 428.5
Paso 557
379 267.4
53 88.4
300 429
Paso 558
379.5 267.7
53.4 88.2
300 429.5
Paso 559
380 268
53.8 88
300 430
Paso 560
380.5 268.3
54.2 87.8
300 430.5
Paso 561
381 268.6
54.6 87.6
300 431
Paso 562
381.5 268.9
55 87.4
300 431.5
Paso 563
382 269.2
55.4 87.2
300 432
Paso 564
382.5 269.5
55.8 87
300 432.5
Paso 565
383 269.8
56.2 86.8
300 433
Paso 566
383.5 270.1
56.6 86.6
300 433.5
Paso 567
384 270.4
57 86.4
300 434
Paso 568
384.5 270.7
57.4 86.2
300 434.5
Paso 569
385 271
57.8 86
300 435
Paso 570
385.5 271.3
58.2 85.8
300 435.5
Paso 571
386 271.6
58.6 85.6
300 436
Paso 572
386.5 271.9
59 85.4
300 436.5
Paso 573
387 272.2
59.4 85.2
300 437
Paso 574
387.5 272.5
59.8 85
300 437.5
Paso 575
388 272.8
60.2 84.8
300 438
Paso 576
388.5 273.1
60.6 84.6
300 438.5
Paso 577
389 273.4
61 84.4
300 439
Paso 578
389.5 273.7
61.4 84.2
300 439.5
Paso 579
390 274
61.8 84
300 440
Paso 580
390.5 274.3
62.2 83.8
300 440.5
Paso 581
391 274.6
62.6 83.6
300 441
Paso 582
391.5 274.9
63 83.4
300 441.5
Paso 583
392 275.2
63.4 83.2
300 442
Paso 584
392.5 275.5
63.8 83
300 442.5
Paso 585
393 275.8
64.2 82.8
300 443
Paso 586
393.5 276.1
64.6 82.6
300 443.5
Paso 587
394 276.4
65 82.4
300 444
Paso 588
394.5 276.7
65.4 82.2
300 444.5
Paso 589
395 277
65.8 82
300 445
Paso 590
395.5 277.3
66.2 81.8
300 445.5
Paso 591
396 277.6
66.6 81.6
300 446
Paso 592
396.5 277.9
67 81.4
300 446.5
Paso 593
397 278.2
67.4 81.2
300 447
Paso 594
397.5 278.5
67.8 81
300 447.5
Paso 595
398 278.8
68.2 80.8
300 448
Paso 596
398.5 279.1
68.6 80.6
300 448.5
Paso 597
399 279.4
69 80.4
300 449
Paso 598
399.5 279.7
69.4 80.2
300 449.5
Paso 599
400 280
69.8 80
300 450
Paso 600
400.5 280.3
70.2 79.8
300 450.5
Paso 601
401 280.6
70.6 79.6
300 451
Paso 602
401.5 280.9
71 79.4
300 451.5
Paso 603
402 281.2
71.4 79.2
300 452
Paso 604
402.5 281.5
71.8 79
300 452.5
Paso 605
403 281.8
72.2 78.8
300 453
Paso 606
403.5 282.1
72.6 78.6
300 453.5
Paso 607
404 282.4
73 78.4
300 454
Paso 608
404.5 282.7
73.4 78.2
300 454.5
Paso 609
405 283
73.8 78
300 455
Paso 610
405.5 283.3
74.2 77.8
300 455.5
Paso 611
406 283.6
74.6 77.6
300 456
Paso 612
406.5 283.9
75 77.4
300 456.5
Paso 613
407 284.2
75.4 77.2
300 457
Paso 614
407.5 284.5
75.8 77
300 457.5
Paso 615
408 284.8
76.2 76.8
300 458
Paso 616
408.5 285.1
76.6 76.6
300 458.5
Paso 617
409 285.4
77 76.4
300 459
Paso 618
409.5 285.7
77.4 76.2
300 459.5
Paso 619
410 286
77.8 76
300 460
Paso 620
410.5 286.3
78.2 75.8
300 460.5
Paso 621
411 286.6
78.6 75.6
300 461
Paso 622
411.5 286.9
79 75.4
300 461.5
Paso 623
412 287.2
79.4 75.2
300 462
Paso 624
412.5 287.5
79.8 75
300 462.5
Paso 625
413 287.8
80.2 74.8
300 463
Paso 626
413.5 288.1
80.6 74.6
300 463.5
Paso 627
414 288.4
81 74.4
300 464
Paso 628
414.5 288.7
81.4 74.2
300 464.5
Paso 629
415 289
81.8 74
300 465
Paso 630
415.5 289.3
82.2 73.8
300 465.5
Paso 631
416 289.6
82.6 73.6
300 466
Paso 632
416.5 289.9
83 73.4
300 466.5
COLISION OBST 633 417 290.2
Paso 633
417 290.2
83.4 73.2
300 467
Paso 634
417.5 290.05
83.8 73
300 467.5
Paso 635
418 289.9
84.2 72.8
300 468
Paso 636
418.5 289.75
84.6 72.6
300 468.5
Paso 637
419 289.6
85 72.4
300 469
Paso 638
419.5 289.45
85.4 72.2
300 469.5
Paso 639
420 289.3
85.8 72
300 470
Paso 640
420.5 289.15
86.2 71.8
300 470.5
Paso 641
421 289
86.6 71.6
300 471
Paso 642
421.5 288.85
87 71.4
300 471.5
Paso 643
422 288.7
87.4 71.2
300 472
Paso 644
422.5 288.55
87.8 71
300 472.5
Paso 645
423 288.4
88.2 70.8
300 473
Paso 646
423.5 288.25
88.6 70.6
300 473.5
Paso 647
424 288.1
89 70.4
300 474
Paso 648
424.5 287.95
89.4 70.2
300 474.5
Paso 649
425 287.8
89.8 70
300 475
Paso 650
425.5 287.65
90.2 69.8
300 475.5
Paso 651
426 287.5
90.6 69.6
300 476
Paso 652
426.5 287.35
91 69.4
300 476.5
Paso 653
427 287.2
91.4 69.2
300 477
Paso 654
427.5 287.05
91.8 69
300 477.5
Paso 655
428 286.9
92.2 68.8
300 478
Paso 656
428.5 286.75
92.6 68.6
300 478.5
Paso 657
429 286.6
93 68.4
300 479
Paso 658
429.5 286.45
93.4 68.2
300 479.5
Paso 659
430 286.3
93.8 68
300 480
Paso 660
430.5 286.15
94.2 67.8
300 480.5
Paso 661
431 286
94.6 67.6
300 481
Paso 662
431.5 285.85
95 67.4
300 481.5
Paso 663
432 285.7
95.4 67.2
300 482
Paso 664
432.5 285.55
95.8 67
300 482.5
Paso 665
433 285.4
96.2 66.8
300 483
Paso 666
433.5 285.25
96.6 66.6
300 483.5
Paso 667
434 285.1
97 66.4
300 484
Paso 668
434.5 284.95
97.4 66.2
300 484.5
Paso 669
435 284.8
97.8 66
300 485
Paso 670
435.5 284.65
98.2 65.8
300 485.5
Paso 671
436 284.5
98.6 65.6
300 486
Paso 672
436.5 284.35
99 65.4
300 486.5
Paso 673
437 284.2
99.4 65.2
300 487
Paso 674
437.5 284.05
99.8 65
300 487.5
Paso 675
438 283.9
100.2 64.8
300 488
Paso 676
438.5 283.75
100.6 64.6
300 488.5
Paso 677
439 283.6
101 64.4
300 489
Paso 678
439.5 283.45
101.4 64.2
300 489.5
Paso 679
440 283.3
101.8 64
300 490
Paso 680
440.5 283.15
102.2 63.8
300 490.5
Paso 681
441 283
102.6 63.6
300 491
Paso 682
441.5 282.85
103 63.4
300 491.5
Paso 683
442 282.7
103.4 63.2
300 492
Paso 684
442.5 282.55
103.8 63
300 492.5
Paso 685
443 282.4
104.2 62.8
300 493
Paso 686
443.5 282.25
104.6 62.6
300 493.5
Paso 687
444 282.1
105 62.4
300 494
Paso 688
444.5 281.95
105.4 62.2
300 494.5
Paso 689
445 281.8
105.8 62
300 495
Paso 690
445.5 281.65
106.2 61.8
300 495.5
Paso 691
446 281.5
106.6 61.6
300 496
Paso 692
446.5 281.35
107 61.4
300 496.5
Paso 693
447 281.2
107.4 61.2
300 497
Paso 694
447.5 281.05
107.8 61
300 497.5
Paso 695
448 280.9
108.2 60.8
300 498
Paso 696
448.5 280.75
108.6 60.6
300 498.5
Paso 697
449 280.6
109 60.4
300 499
Paso 698
449.5 280.45
109.4 60.2
300 499.5
Paso 699
450 280.3
109.8 60
300 500
Paso 700
450.5 280.15
110.2 59.8
300 500.5
Paso 701
451 280
110.6 59.6
300 501
Paso 702
451.5 279.85
111 59.4
300 501.5
Paso 703
452 279.7
111.4 59.2
300 502
Paso 704
452.5 279.55
111.8 59
300 502.5
Paso 705
453 279.4
112.2 58.8
300 503
Paso 706
453.5 279.25
112.6 58.6
300 503.5
Paso 707
454 279.1
113 58.4
300 504
Paso 708
454.5 278.95
113.4 58.2
300 504.5
Paso 709
455 278.8
113.8 58
300 505
Paso 710
455.5 278.65
114.2 57.8
300 505.5
Paso 711
456 278.5
114.6 57.6
300 506
Paso 712
456.5 278.35
115 57.4
300 506.5
Paso 713
457 278.2
115.4 57.2
300 507
Paso 714
457.5 278.05
115.8 57
300 507.5
Paso 715
458 277.9
116.2 56.8
300 508
Paso 716
458.5 277.75
116.6 56.6
300 508.5
Paso 717
459 277.6
117 56.4
300 509
Paso 718
459.5 277.45
117.4 56.2
300 509.5
Paso 719
460 277.3
117.8 56
300 510
Paso 720
460.5 277.15
118.2 55.8
300 510.5
Paso 721
461 277
118.6 55.6
300 511
Paso 722
461.5 276.85
119 55.4
300 511.5
Paso 723
462 276.7
119.4 55.2
300 512
Paso 724
462.5 276.55
119.8 55
300 512.5
Paso 725
463 276.4
120.2 54.8
300 513
Paso 726
463.5 276.25
120.6 54.6
300 513.5
Paso 727
464 276.1
121 54.4
300 514
Paso 728
464.5 275.95
121.4 54.2
300 514.5
Paso 729
465 275.8
121.8 54
300 515
Paso 730
465.5 275.65
122.2 53.8
300 515.5
Paso 731
466 275.5
122.6 53.6
300 516
Paso 732
466.5 275.35
123 53.4
300 516.5
Paso 733
467 275.2
123.4 53.2
300 517
Paso 734
467.5 275.05
123.8 53
300 517.5
Paso 735
468 274.9
124.2 52.8
300 518
Paso 736
468.5 274.75
124.6 52.6
300 518.5
Paso 737
469 274.6
125 52.4
300 519
Paso 738
469.5 274.45
125.4 52.2
300 519.5
Paso 739
470 274.3
125.8 52
300 520
Paso 740
470.5 274.15
126.2 51.8
300 520.5
Paso 741
471 274
126.6 51.6
300 521
Paso 742
471.5 273.85
127 51.4
300 521.5
Paso 743
472 273.7
127.4 51.2
300 522
Paso 744
472.5 273.55
127.8 51
300 522.5
Paso 745
473 273.4
128.2 50.8
300 523
Paso 746
473.5 273.25
128.6 50.6
300 523.5
Paso 747
474 273.1
129 50.4
300 524
Paso 748
474.5 272.95
129.4 50.2
300 524.5
Paso 749
475 272.8
129.8 50
300 525
Paso 750
475.5 272.65
130.2 49.8
300 525.5
Paso 751
476 272.5
130.6 49.6
300 526
Paso 752
476.5 272.35
131 49.4
300 526.5
Paso 753
477 272.2
131.4 49.2
300 527
Paso 754
477.5 272.05
131.8 49
300 527.5
Paso 755
478 271.9
132.2 48.8
300 528
Paso 756
478.5 271.75
132.6 48.6
300 528.5
Paso 757
479 271.6
133 48.4
300 529
Paso 758
479.5 271.45
133.4 48.2
300 529.5
Paso 759
480 271.3
133.8 48
300 530
Paso 760
480.5 271.15
134.2 47.8
300 530.5
Paso 761
481 271
134.6 47.6
300 531
Paso 762
481.5 270.85
135 47.4
300 531.5
Paso 763
482 270.7
135.4 47.2
300 532
Paso 764
482.5 270.55
135.8 47
300 532.5
Paso 765
483 270.4
136.2 46.8
300 533
Paso 766
483.5 270.25
136.6 46.6
300 533.5
Paso 767
484 270.1
137 46.4
300 534
Paso 768
484.5 269.95
137.4 46.2
300 534.5
Paso 769
485 269.8
137.8 46
300 535
Paso 770
485.5 269.65
138.2 45.8
300 535.5
Paso 771
486 269.5
138.6 45.6
300 536
Paso 772
486.5 269.35
139 45.4
300 536.5
Paso 773
487 269.2
139.4 45.2
300 537
Paso 774
487.5 269.05
139.8 45
300 537.5
Paso 775
488 268.9
140.2 44.8
300 538
Paso 776
488.5 268.75
140.6 44.6
300 538.5
Paso 777
489 268.6
141 44.4
300 539
Paso 778
489.5 268.45
141.4 44.2
300 539.5
Paso 779
490 268.3
141.8 44
300 540
Paso 780
490.5 268.15
142.2 43.8
300 540.5
Paso 781
491 268
142.6 43.6
300 541
Paso 782
491.5 267.85
143 43.4
300 541.5
Paso 783
492 267.7
143.4 43.2
300 542
Paso 784
492.5 267.55
143.8 43
300 542.5
Paso 785
493 267.4
144.2 42.8
300 543
COLISION OBST 786 493.5 267.25
Paso 786
493.5 267.25
144.6 42.6
300 543.5
Paso 787
494 267.355
145 42.4
300 544
Paso 788
494.5 267.46
145.4 42.2
300 544.5
Paso 789
495 267.565
145.8 42
300 545
Paso 790
495.5 267.67
146.2 41.8
300 545.5
Paso 791
496 267.775
146.6 41.6
300 546
Paso 792
496.5 267.88
147 41.4
300 546.5
Paso 793
497 267.985
147.4 41.2
300 547
Paso 794
497.5 268.09
147.8 41
300 547.5
Paso 795
498 268.195
148.2 40.8
300 548
Paso 796
498.5 268.3
148.6 40.6
300 548.5
Paso 797
499 268.405
149 40.4
300 549
Paso 798
499.5 268.51
149.4 40.2
300 549.5
Paso 799
500 268.615
149.8 40
300 550
Paso 800
500.5 268.72
150.2 39.8
300 550.5
Paso 801
501 268.825
150.6 39.6
300 551
Paso 802
501.5 268.93
151 39.4
300 551.5
Paso 803
502 269.035
151.4 39.2
300 552
Paso 804
502.5 269.14
151.8 39
300 552.5
Paso 805
503 269.245
152.2 38.8
300 553
Paso 806
503.5 269.35
152.6 38.6
300 553.5
Paso 807
504 269.455
153 38.4
300 554
Paso 808
504.5 269.56
153.4 38.2
300 554.5
Paso 809
505 269.665
153.8 38
300 555
Paso 810
505.5 269.77
154.2 37.8
300 555.5
Paso 811
506 269.875
154.6 37.6
300 556
Paso 812
506.5 269.98
155 37.4
300 556.5
Paso 813
507 270.085
155.4 37.2
300 557
Paso 814
507.5 270.19
155.8 37
300 557.5
Paso 815
508 270.295
156.2 36.8
300 558
Paso 816
508.5 270.4
156.6 36.6
300 558.5
Paso 817
509 270.505
157 36.4
300 559
Paso 818
509.5 270.61
157.4 36.2
300 559.5
Paso 819
510 270.715
157.8 36
300 560
Paso 820
510.5 270.82
158.2 35.8
300 560.5
Paso 821
511 270.925
158.6 35.6
300 561
Paso 822
511.5 271.03
159 35.4
300 561.5
Paso 823
512 271.135
159.4 35.2
300 562
Paso 824
512.5 271.24
159.8 35
300 562.5
Paso 825
513 271.345
160.2 34.8
300 563
Paso 826
513.5 271.45
160.6 34.6
300 563.5
Paso 827
514 271.555
161 34.4
300 564
Paso 828
514.5 271.66
161.4 34.2
300 564.5
Paso 829
515 271.765
161.8 34
300 565
Paso 830
515.5 271.87
162.2 33.8
300 565.5
Paso 831
516 271.975
162.6 33.6
300 566
Paso 832
516.5 272.08
163 33.4
300 566.5
Paso 833
517 272.185
163.4 33.2
300 567
Paso 834
517.5 272.29
163.8 33
300 567.5
Paso 835
518 272.395
164.2 32.8
300 568
Paso 836
518.5 272.5
164.6 32.6
300 568.5
Paso 837
519 272.605
165 32.4
300 569
Paso 838
519.5 272.71
165.4 32.2
300 569.5
Paso 839
520 272.815
165.8 32
300 570
Paso 840
520.5 272.92
166.2 31.8
300 570.5
Paso 841
521 273.025
166.6 31.6
300 571
Paso 842
521.5 273.13
167 31.4
300 571.5
Paso 843
522 273.235
167.4 31.2
300 572
Paso 844
522.5 273.34
167.8 31
300 572.5
Paso 845
523 273.445
168.2 30.8
300 573
Paso 846
523.5 273.55
168.6 30.6
300 573.5
Paso 847
524 273.655
169 30.4
300 574
Paso 848
524.5 273.76
169.4 30.2
300 574.5
Paso 849
525 273.865
169.8 30
300 575
Paso 850
525.5 273.97
170.2 29.8
300 575.5
Paso 851
526 274.075
170.6 29.6
300 576
Paso 852
526.5 274.18
171 29.4
300 576.5
Paso 853
527 274.285
171.4 29.2
300 577
Paso 854
527.5 274.39
171.8 29
300 577.5
Paso 855
528 274.495
172.2 28.8
300 578
Paso 856
528.5 274.6
172.6 28.6
300 578.5
Paso 857
529 274.705
173 28.4
300 579
Paso 858
529.5 274.81
173.4 28.2
300 579.5
Paso 859
530 274.915
173.8 28
300 580
Paso 860
530.5 275.02
174.2 27.8
300 580.5
Paso 861
531 275.125
174.6 27.6
300 581
Paso 862
531.5 275.23
175 27.4
300 581.5
Paso 863
532 275.335
175.4 27.2
300 582
Paso 864
532.5 275.44
175.8 27
300 582.5
Paso 865
533 275.545
176.2 26.8
300 583
Paso 866
533.5 275.65
176.6 26.6
300 583.5
Paso 867
534 275.755
177 26.4
300 584
Paso 868
534.5 275.86
177.4 26.2
300 584.5
Paso 869
535 275.965
177.8 26
300 585
Paso 870
535.5 276.07
178.2 25.8
300 585.5
Paso 871
536 276.175
178.6 25.6
300 586
Paso 872
536.5 276.28
179 25.4
300 586.5
Paso 873
537 276.385
179.4 25.2
300 587
Paso 874
537.5 276.49
179.8 25
300 587.5
Paso 875
538 276.595
180.2 24.8
300 588
COLISION PARED 876 300 588.5
Paso 876
538.5 276.7
180.6 24.6
300 588
Paso 877
539 276.805
181 24.4
300 587.5
Paso 878
539.5 276.91
181.4 24.2
300 587
Paso 879
540 277.015
181.8 24
300 586.5
Paso 880
540.5 277.12
182.2 23.8
300 586
Paso 881
541 277.225
182.6 23.6
300 585.5
Paso 882
541.5 277.33
183 23.4
300 585
Paso 883
542 277.435
183.4 23.2
300 584.5
Paso 884
542.5 277.54
183.8 23
300 584
Paso 885
543 277.645
184.2 22.8
300 583.5
Paso 886
543.5 277.75
184.6 22.6
300 583
Paso 887
544 277.855
185 22.4
300 582.5
Paso 888
544.5 277.96
185.4 22.2
300 582
Paso 889
545 278.065
185.8 22
300 581.5
Paso 890
545.5 278.17
186.2 21.8
300 581
Paso 891
546 278.275
186.6 21.6
300 580.5
Paso 892
546.5 278.38
187 21.4
300 580
Paso 893
547 278.485
187.4 21.2
300 579.5
Paso 894
547.5 278.59
187.8 21
300 579
Paso 895
548 278.695
188.2 20.8
300 578.5
Paso 896
548.5 278.8
188.6 20.6
300 578
Paso 897
549 278.905
189 20.4
300 577.5
Paso 898
549.5 279.01
189.4 20.2
300 577
Paso 899
550 279.115
189.8 20
300 576.5
Paso 900
550.5 279.22
190.2 19.8
300 576
Paso 901
551 279.325
190.6 19.6
300 575.5
Paso 902
551.5 279.43
191 19.4
300 575
Paso 903
552 279.535
191.4 19.2
300 574.5
Paso 904
552.5 279.64
191.8 19
300 574
Paso 905
553 279.745
192.2 18.8
300 573.5
Paso 906
553.5 279.85
192.6 18.6
300 573
Paso 907
554 279.955
193 18.4
300 572.5
Paso 908
554.5 280.06
193.4 18.2
300 572
Paso 909
555 280.165
193.8 18
300 571.5
Paso 910
555.5 280.27
194.2 17.8
300 571
Paso 911
556 280.375
194.6 17.6
300 570.5
Paso 912
556.5 280.48
195 17.4
300 570
Paso 913
557 280.585
195.4 17.2
300 569.5
Paso 914
557.5 280.69
195.8 17
300 569
Paso 915
558 280.795
196.2 16.8
300 568.5
Paso 916
558.5 280.9
196.6 16.6
300 568
Paso 917
559 281.005
197 16.4
300 567.5
Paso 918
559.5 281.11
197.4 16.2
300 567
Paso 919
560 281.215
197.8 16
300 566.5
Paso 920
560.5 281.32
198.2 15.8
300 566
Paso 921
561 281.425
198.6 15.6
300 565.5
Paso 922
561.5 281.53
199 15.4
300 565
Paso 923
562 281.635
199.4 15.2
300 564.5
Paso 924
562.5 281.74
199.8 15
300 564
COLISION PARED 925 200.2 14.8
Paso 925
563 281.845
200.2 15
300 563.5
Paso 926
563.5 281.95
200.6 15.2
300 563
Paso 927
564 282.055
201 15.4
300 562.5
Paso 928
564.5 282.16
201.4 15.6
300 562
Paso 929
565 282.265
201.8 15.8
300 561.5
Paso 930
565.5 282.37
202.2 16
300 561
Paso 931
566 282.475
202.6 16.2
300 560.5
Paso 932
566.5 282.58
203 16.4
300 560
Paso 933
567 282.685
203.4 16.6
300 559.5
Paso 934
567.5 282.79
203.8 16.8
300 559
Paso 935
568 282.895
204.2 17
300 558.5
Paso 936
568.5 283
204.6 17.2
300 558
Paso 937
569 283.105
205 17.4
300 557.5
Paso 938
569.5 283.21
205.4 17.6
300 557
Paso 939
570 283.315
205.8 17.8
300 556.5
Paso 940
570.5 283.42
206.2 18
300 556
Paso 941
571 283.525
206.6 18.2
300 555.5
Paso 942
571.5 283.63
207 18.4
300 555
Paso 943
572 283.735
207.4 18.6
300 554.5
Paso 944
572.5 283.84
207.8 18.8
300 554
Paso 945
573 283.945
208.2 19
300 553.5
Paso 946
573.5 284.05
208.6 19.2
300 553
Paso 947
574 284.155
209 19.4
300 552.5
Paso 948
574.5 284.26
209.4 19.6
300 552
Paso 949
575 284.365
209.8 19.8
300 551.5
Paso 950
575.5 284.47
210.2 20
300 551
Paso 951
576 284.575
210.6 20.2
300 550.5
Paso 952
576.5 284.68
211 20.4
300 550
Paso 953
577 284.785
211.4 20.6
300 549.5
Paso 954
577.5 284.89
211.8 20.8
300 549
Paso 955
578 284.995
212.2 21
300 548.5
Paso 956
578.5 285.1
212.6 21.2
300 548
Paso 957
579 285.205
213 21.4
300 547.5
Paso 958
579.5 285.31
213.4 21.6
300 547
Paso 959
580 285.415
213.8 21.8
300 546.5
Paso 960
580.5 285.52
214.2 22
300 546
Paso 961
581 285.625
214.6 22.2
300 545.5
Paso 962
581.5 285.73
215 22.4
300 545
Paso 963
582 285.835
215.4 22.6
300 544.5
Paso 964
582.5 285.94
215.8 22.8
300 544
Paso 965
583 286.045
216.2 23
300 543.5
Paso 966
583.5 286.15
216.6 23.2
300 543
Paso 967
584 286.255
217 23.4
300 542.5
Paso 968
584.5 286.36
217.4 23.6
300 542
Paso 969
585 286.465
217.8 23.8
300 541.5
Paso 970
585.5 286.57
218.2 24
300 541
Paso 971
586 286.675
218.6 24.2
300 540.5
Paso 972
586.5 286.78
219 24.4
300 540
Paso 973
587 286.885
219.4 24.6
300 539.5
Paso 974
587.5 286.99
219.8 24.8
300 539
Paso 975
588 287.095
220.2 25
300 538.5
Paso 976
588.5 287.2
220.6 25.2
300 538
Paso 977
589 287.305
221 25.4
300 537.5
Paso 978
589.5 287.41
221.4 25.6
300 537
Paso 979
590 287.515
221.8 25.8
300 536.5
Paso 980
590.5 287.62
222.2 26
300 536
Paso 981
591 287.725
222.6 26.2
300 535.5
Paso 982
591.5 287.83
223 26.4
300 535
Paso 983
592 287.935
223.4 26.6
300 534.5
Paso 984
592.5 288.04
223.8 26.8
300 534
Paso 985
593 288.145
224.2 27
300 533.5
Paso 986
593.5 288.25
224.6 27.2
300 533
Paso 987
594 288.355
225 27.4
300 532.5
Paso 988
594.5 288.46
225.4 27.6
300 532
Paso 989
595 288.565
225.8 27.8
300 531.5
Paso 990
595.5 288.67
226.2 28
300 531
Paso 991
596 288.775
226.6 28.2
300 530.5
Paso 992
596.5 288.88
227 28.4
300 530
Paso 993
597 288.985
227.4 28.6
300 529.5
Paso 994
597.5 289.09
227.8 28.8
300 529
Paso 995
598 289.195
228.2 29
300 528.5
Paso 996
598.5 289.3
228.6 29.2
300 528
Paso 997
599 289.405
229 29.4
300 527.5
Paso 998
599.5 289.51
229.4 29.6
300 527
Paso 999
600 289.615
229.8 29.8
300 526.5
